   61607    1.3219774e+04   0.000000e+00   5.373153e+08     90s
   62377    1.3349457e+04   0.000000e+00   2.088338e+04     96s
   63037    1.3417125e+04   0.000000e+00   2.242130e+04    100s
   63877    1.3496125e+04   0.000000e+00   8.176606e+06    106s
   64607    1.3563841e+04   0.000000e+00   1.622787e+05    111s
   65327    1.3641962e+04   0.000000e+00   4.486976e+05    115s
   66047    1.3811384e+04   0.000000e+00   2.304127e+07    120s
   66797    1.3912039e+04   0.000000e+00   2.593420e+06    126s
   67447    1.3945275e+04   0.000000e+00   2.442099e+05    130s
   68097    1.3988093e+04   0.000000e+00   2.278752e+07    135s
   68877    1.4040152e+04   0.000000e+00   6.190947e+07    141s
   69547    1.4059703e+04   0.000000e+00   1.083459e+07    146s
   70197    1.4078332e+04   0.000000e+00   7.042905e+06    150s
   70857    1.4101512e+04   0.000000e+00   2.456562e+04    155s
   71507    1.4116391e+04   0.000000e+00   1.421656e+07    160s
   72207    1.4129897e+04   0.000000e+00   2.911935e+05    165s
   72907    1.4157333e+04   0.000000e+00   1.149898e+04    170s
   73567    1.4172626e+04   0.000000e+00   1.054734e+05    175s
   74237    1.4200477e+04   0.000000e+00   5.198558e+06    180s
   74897    1.4211141e+04   0.000000e+00   5.653666e+03    185s
   75557    1.4228397e+04   0.000000e+00   2.241603e+08    190s
   76247    1.4249690e+04   0.000000e+00   9.196231e+03    195s
   76987    1.4270103e+04   0.000000e+00   7.603843e+06    201s
   77647    1.4283685e+04   0.000000e+00   1.181996e+06    206s
   78357    1.4296761e+04   0.000000e+00   1.500121e+03    211s
   78917    1.4323353e+04   0.000000e+00   8.822847e+04    215s
   79742    1.4348098e+04   0.000000e+00   2.039403e+07    221s
   80323    1.4356609e+04   0.000000e+00   2.988041e+03    226s
   81033    1.4362409e+04   0.000000e+00   3.233638e+04    231s
   81713    1.4370563e+04   0.000000e+00   4.300437e+06    236s
   82393    1.4378054e+04   0.000000e+00   2.208780e+03    240s
   83193    1.4383850e+04   0.000000e+00   1.718144e+03    246s
   83834    1.4386954e+04   0.000000e+00   1.080125e+05    251s
   84474    1.4389342e+04   0.000000e+00   9.994193e+04    255s
   85124    1.4396063e+04   0.000000e+00   3.679074e+03    260s
   85894    1.4405114e+04   0.000000e+00   9.435298e+04    266s
   86644    1.4418923e+04   0.000000e+00   1.806011e+03    271s
   87289    1.4425766e+04   0.000000e+00   2.615892e+06    275s
   88060    1.4430491e+04   0.000000e+00   2.941415e+03    281s
   88730    1.4431354e+04   0.000000e+00   3.583623e+02    285s
   89064    1.4431859e+04   0.000000e+00   2.915809e+08    291s
   89427    1.4434595e+04   0.000000e+00   2.990072e+07    296s
   90081    1.4436353e+04   0.000000e+00   1.393009e+08    301s
   90466    1.4438081e+04   0.000000e+00   7.370948e+07    307s
   91027    1.4438668e+04   0.000000e+00   7.881280e+04    311s
   91708    1.4439292e+04   0.000000e+00   6.802936e+05    315s
   92373    1.4440159e+04   0.000000e+00   3.995122e+05    321s
   92518    1.4440216e+04   0.000000e+00   2.076774e+03    327s
   92854    1.4440887e+04   0.000000e+00   1.583235e+06    333s
   93244    1.4441686e+04   0.000000e+00   3.804487e+06    337s
   93723    1.4441912e+04   0.000000e+00   7.428386e+07    340s
   94334    1.4442168e+04   0.000000e+00   7.476070e+06    346s
   94901    1.4442322e+04   0.000000e+00   3.127763e+01    351s
   95218    1.4442416e+04   0.000000e+00   2.882388e+01    355s
   95869    1.4442750e+04   0.000000e+00   2.161738e+05    361s
   96307    1.4442899e+04   0.000000e+00   2.000689e+05    365s
   96584    1.4443215e+04   0.000000e+00   3.524123e+01    371s
   97027    1.4443363e+04   0.000000e+00   6.515737e+01    375s
   97408    1.4443392e+04   0.000000e+00   1.286040e+05    381s
   97509    1.4443398e+04   0.000000e+00   9.591777e+00    386s
   97730    1.4443408e+04   0.000000e+00   5.414007e+05    391s
   97837    1.4443413e+04   0.000000e+00   2.401348e+06    395s
   98038    1.4443417e+04   0.000000e+00   1.321708e+07    402s
   98305    1.4443435e+04   0.000000e+00   6.043417e+04    407s
   98505    1.4443447e+04   0.000000e+00   8.352761e+05    416s
   98721    1.4443452e+04   0.000000e+00   6.671782e+05    424s
   98821    1.4443456e+04   0.000000e+00   5.253034e+04    426s
Concurrent spin time: 185.48s

Solved with dual simplex (primal model)

Root relaxation: objective 1.444352e+04, 97423 iterations, 612.76 seconds (804.41 work units)

    Nodes    |    Current Node    |     Objective Bounds      |     Work
 Expl Unexpl |  Obj  Depth IntInf | Incumbent    BestBd   Gap | It/Node Time

     0     0 14443.5238    0  113          - 14443.5238      -     -  615s
H    0     0                    7021.7077874 14443.5238   106%     -  644s
H    0     0                    7734.0445408 14443.5238  86.8%     -  677s
     0     0 11716.1582    0   57 7734.04454 11716.1582  51.5%     - 1035s
H    0     0                    10183.709089 11716.1582  15.0%     - 1087s
H    0     0                    10509.380397 11716.1582  11.5%     - 1136s
     0     0 11675.4589    0   55 10509.3804 11675.4589  11.1%     - 1149s
     0     0 11675.4417    0   55 10509.3804 11675.4417  11.1%     - 1149s
     0     0 11526.9385    0   53 10509.3804 11526.9385  9.68%     - 1221s
H    0     0                    10663.894902 11526.9385  8.09%     - 1253s
     0     0 11524.8406    0   54 10663.8949 11524.8406  8.07%     - 1256s
     0     0 11524.7612    0   55 10663.8949 11524.7612  8.07%     - 1258s
     0     0 11486.2625    0   53 10663.8949 11486.2625  7.71%     - 1296s
     0     0 11483.6098    0   56 10663.8949 11483.6098  7.69%     - 1334s
     0     0 11483.1338    0   56 10663.8949 11483.1338  7.68%     - 1336s
     0     0 11483.1225    0   56 10663.8949 11483.1225  7.68%     - 1337s
     0     0 11470.1919    0   56 10663.8949 11470.1919  7.56%     - 1362s
     0     0 11468.0515    0   58 10663.8949 11468.0515  7.54%     - 1369s
     0     0 11467.7387    0   58 10663.8949 11467.7387  7.54%     - 1371s
     0     0 11466.4683    0   57 10663.8949 11466.4683  7.53%     - 1378s
     0     0 11466.4041    0   57 10663.8949 11466.4041  7.53%     - 1382s
     0     0 11466.2109    0   57 10663.8949 11466.2109  7.52%     - 1386s
     0     0 11466.2047    0   57 10663.8949 11466.2047  7.52%     - 1388s
     0     0 11466.1955    0   57 10663.8949 11466.1955  7.52%     - 1392s
     0     0 11466.1897    0   57 10663.8949 11466.1897  7.52%     - 1396s
     0     0 11466.1753    0   57 10663.8949 11466.1753  7.52%     - 1400s
     0     0 11466.1753    0   57 10663.8949 11466.1753  7.52%     - 1783s
     0     2 11466.1753    0   57 10663.8949 11466.1753  7.52%     - 1902s
     1     4 11455.4646    1   56 10663.8949 11455.4646  7.42%   624 1910s
     3     8 11331.2138    2   55 10663.8949 11455.4646  7.42%  1221 1928s
     7    12 11304.3624    3   53 10663.8949 11436.0668  7.24%  1521 1952s
    11    16 11291.9360    3   53 10663.8949 11432.9747  7.21%  1776 1973s
    15    20 11293.3592    4   52 10663.8949 11409.2482  6.99%  1813 1992s
    19    24 11228.8250    4   53 10663.8949 11409.2482  6.99%  2069 2045s
    23    30 11289.5609    5   51 10663.8949 11398.2388  6.89%  2062 2072s
    29    34 11258.3358    6   50 10663.8949 11398.2388  6.89%  1974 2099s
    33    40 11286.8293    6   49 10663.8949 11398.2388  6.89%  1889 2121s
    39    44 11228.6323    7   48 10663.8949 11398.2388  6.89%  1878 3457s
    43    49 11247.9472    8   44 10663.8949 11398.2388  6.89%  5118 3511s
    48    54 11203.8626    8   45 10663.8949 11398.2388  6.89%  4743 3535s
    53    64 11244.8665    9   42 10663.8949 11398.2388  6.89%  4413 3557s
    63    74 11235.4039   11   43 10663.8949 11398.2388  6.89%  3856 3592s
    73    79 11196.9572   13   43 10663.8949 11398.2388  6.89%  3489 3641s
    78    83 11174.1830   14   39 10663.8949 11398.2388  6.89%  3371 3694s
    82    89 11201.2330   14   40 10663.8949 11398.2388  6.89%  3375 4072s
    88    97 11146.9161   16   37 10663.8949 11398.2388  6.89%  3615 4795s
    96   101 11169.3622   17   36 10663.8949 11398.2388  6.89%  5517 4836s
   100   107 11168.8476   18   35 10663.8949 11398.2388  6.89%  5389 4910s
   106   112 11115.5519   19   29 10663.8949 11398.2388  6.89%  5230 4999s
   111   118 11130.5701   20   32 10663.8949 11398.2388  6.89%  5123 5114s
   117   129 11104.2048   21   31 10663.8949 11398.2388  6.89%  5017 5186s
   128   141 11112.1840   22   29 10663.8949 11398.2388  6.89%  4733 5249s
   140   153 11073.9512   24   29 10663.8949 11398.2388  6.89%  4446 5315s
   152   163 11079.6518   26   27 10663.8949 11398.2388  6.89%  4225 5377s
   162   178 11070.4908   29   24 10663.8949 11398.2388  6.89%  4085 5464s
   177   191 11055.9034   30   24 10663.8949 11398.2388  6.89%  3883 5676s
   190   211 10896.6087   32   24 10663.8949 11398.2388  6.89%  3757 5752s
   212   229 10972.5976   37   22 10663.8949 11398.2388  6.89%  3473 5831s
   232   244 10955.0804   39   19 10663.8949 11398.2388  6.89%  3283 5915s
   247   260 10927.4452   42   18 10663.8949 11398.2388  6.89%  3204 6152s
   263   270 10869.0119   44   14 10663.8949 11398.2388  6.89%  3382 6299s
   277   285 10887.9240   47   14 10663.8949 11398.2388  6.89%  3372 6407s
   292   309 10761.5178   51   12 10663.8949 11398.2388  6.89%  3326 6524s
   318   355 10742.6866   61    5 10663.8949 11398.2388  6.89%  3188 6695s
   364   389 10722.9351   74    1 10663.8949 11398.2388  6.89%  2924 6929s
*  374   372              83    10722.813633 11398.2388  6.30%  2876 6929s
   409   391     cutoff   84      10722.8136 11396.8356  6.29%  3013 7028s
   457   418 11251.9663    6   52 10722.8136 11396.8356  6.29%  2971 7160s
*  468   361              88    10815.863095 11396.8356  5.37%  2953 7160s
   490   353 11200.0271    8   50 10815.8631 11396.8356  5.37%  3218 7257s
   510   360 11108.4587   10   50 10815.8631 11396.8356  5.37%  3326 7353s
   519   363 11109.3027   11   48 10815.8631 11396.8356  5.37%  3307 7738s
   538   378 11092.9503   12   46 10815.8631 11396.8356  5.37%  3350 7851s
   559   397 11018.3540   18   39 10815.8631 11396.8356  5.37%  3301 7971s
   590   420 10959.0953   22   37 10815.8631 11396.8356  5.37%  3211 8093s
   617   433 10953.5660   21   40 10815.8631 11396.8356  5.37%  3149 8446s
   644   457 10917.1170   23   34 10815.8631 11396.8356  5.37%  3125 8573s
   679   475     cutoff   30      10815.8631 11396.8356  5.37%  3051 8715s
   707   481 10823.9780   34   24 10815.8631 11384.7462  5.26%  3003 9145s
   725   505 11284.9698    5   53 10815.8631 11384.7462  5.26%  3009 9289s
   749   529 10908.7470    8   48 10815.8631 11384.7462  5.26%  2987 9436s
   781   541 10858.6541   10   46 10815.8631 11384.7462  5.26%  2941 9585s
   817   561     cutoff   10      10815.8631 11361.0149  5.04%  2887 9738s
   851   611 11232.9814   10   49 10815.8631 11361.0149  5.04%  2847 10452s
*  893   532              77    10867.067623 11361.0149  4.55%  2752 10452s
   912   547 11010.9947   21   40 10867.0676 11361.0149  4.55%  3067 10663s
   942   572 10926.5035   29   31 10867.0676 11352.6963  4.47%  3066 10850s
   993   617 11278.2150    6   50 10867.0676 11352.6963  4.47%  2993 12341s
  1043   618 11282.9702   12   57 10867.0676 11352.6963  4.47%  3125 12531s
  1045   619 11115.9291   16   90 10867.0676 11352.6963  4.47%  3119 13396s
  1046   620 11126.3982   33   46 10867.0676 11352.6963  4.47%  3116 16710s
  1047   621 11049.9166   14   50 10867.0676 11352.6963  4.47%  3113 17188s
  1048   621 10982.5896   38   52 10867.0676 11352.6963  4.47%  3110 17209s
  1049   622 11198.6967    8   50 10867.0676 11352.6963  4.47%  3107 17228s
  1050   623 10886.3997   44   59 10867.0676 11344.1926  4.39%  3104 17362s
  1051   623 10937.5891   43   54 10867.0676 11338.5252  4.34%  3101 17384s
  1052   624 11221.1833   13   55 10867.0676 11337.3378  4.33%  3098 17390s
  1053   625 11132.2800   17   52 10867.0676 11337.1036  4.33%  3095 17405s
  1054   625 10953.5660   22   51 10867.0676 11319.8049  4.17%  3092 17477s
  1055   626 10915.5878   37   50 10867.0676 11318.5212  4.15%  3089 17480s
  1056   627 11108.4587   11   50 10867.0676 11318.1831  4.15%  3086 17496s
  1057   627 11005.7369   29   51 10867.0676 11313.3086  4.11%  3083 17535s
  1059   629 10982.3440    9   49 10867.0676 11311.8886  4.09%  3077 17553s
  1060   629 10875.9101   47   49 10867.0676 11311.1819  4.09%  3075 17586s
  1061   630 10870.3019   57   49 10867.0676 11310.9404  4.08%  3072 17601s
  1062   631 11070.4908   30   49 10867.0676 11310.2578  4.08%  3069 17621s
  1063   631 10867.1894   72   49 10867.0676 11310.1775  4.08%  3066 17636s
  1064   632 10870.1789   58   49 10867.0676 11310.0543  4.08%  3063 17655s
  1065   633 10910.1178   33   49 10867.0676 11310.0293  4.08%  3060 17670s
  1066   633 10896.6087   33   49 10867.0676 11310.0116  4.08%  3057 17689s
  1067   634 11102.6121   13   49 10867.0676 11309.9958  4.08%  3054 17704s
  1068   635 10872.5472   56   49 10867.0676 11309.8065  4.07%  3052 17755s
  1069   635 11262.4794   10   49 10867.0676 11309.7501  4.07%  3049 17772s
  1070   636 11309.7321    5   49 10867.0676 11309.7321  4.07%  3046 17789s
  1071   637 10915.5878   37   49 10867.0676 11309.7321  4.07%  3043 18045s
  1072   637 10984.8967   41   49 10867.0676 11309.7321  4.07%  3040 18171s
  1073   641 11178.3988   11   45 10867.0676 11309.7321  4.07%   432 18201s
  1075   642     cutoff   12      10867.0676 11302.9711  4.01%   441 18251s
  1079   645 11258.6726   13   51 10867.0676 11272.4874  3.73%   447 18281s
  1083   648 11246.2684   14   49 10867.0676 11258.6726  3.60%   452 18298s
  1087   650 11240.9650   15   47 10867.0676 11258.6726  3.60%   457 18326s
  1091   653 11236.4565   16   45 10867.0676 11258.6726  3.60%   463 18345s
  1095   656 11228.5067   17   43 10867.0676 11258.6726  3.60%   467 18366s
  1099   659 11223.6078   18   43 10867.0676 11258.6726  3.60%   473 18381s
  1104   662 11212.9695   20   40 10867.0676 11258.6726  3.60%   475 18403s
  1108   664 11170.8392   20   38 10867.0676 11258.6726  3.60%   482 18427s
  1112   667 11197.1092   21   39 10867.0676 11258.6726  3.60%   486 18459s
  1118   669 11169.4329   22   39 10867.0676 11258.6726  3.60%   497 18478s
  1122   672 11159.1296   21   36 10867.0676 11258.6726  3.60%   503 18508s
  1126   674 11165.3400   23   41 10867.0676 11258.6726  3.60%   507 18534s
  1130   678 11148.7801   24   41 10867.0676 11258.6726  3.60%   513 18564s
  1135   682 11125.0896   24   36 10867.0676 11258.6726  3.60%   518 18587s
  1141   685 11051.1550   23   40 10867.0676 11258.6726  3.60%   525 18621s
  1146   689 11127.4382   25   41 10867.0676 11258.6726  3.60%   529 18649s
  1151   692 11039.6459   25   39 10867.0676 11258.6726  3.60%   539 18788s
  1156   697 11104.5022   26   39 10867.0676 11258.6726  3.60%   554 18822s
  1163   702 11037.4383   25   37 10867.0676 11258.6726  3.60%   564 18863s
  1170   707 11043.5496   26   41 10867.0676 11258.6726  3.60%   574 18901s
  1177   712 11084.7774   26   36 10867.0676 11258.6726  3.60%   581 18943s
  1189   717 11080.2929   29   36 10867.0676 11258.6726  3.60%   585 19002s
  1198   722 11049.5253   30   36 10867.0676 11258.6726  3.60%   600 19037s
  1206   734 11044.8469   30   35 10867.0676 11258.6726  3.60%   607 19080s
  1220   743 10932.6978   33   33 10867.0676 11258.6726  3.60%   616 19120s
  1234   747 11011.9792   34   31 10867.0676 11258.6726  3.60%   624 19159s
  1245   746 10998.9116   35   28 10867.0676 11258.6726  3.60%   634 19248s
  1257   748 10971.9025   36   25 10867.0676 11258.6726  3.60%   649 19301s
  1275   753 10965.0748   37   31 10867.0676 11258.6726  3.60%   660 19352s
  1290   758 10963.7078   38   30 10867.0676 11258.6726  3.60%   669 19443s
  1305   762 10942.1760   39   29 10867.0676 11258.6726  3.60%   687 19503s
  1322   769 10933.6174   40   28 10867.0676 11258.6726  3.60%   701 19576s
  1346   767 10906.9182   42   26 10867.0676 11258.6726  3.60%   716 19619s
  1370   762 10869.4078   45   20 10867.0676 11258.6726  3.60%   724 19671s
  1387   770 10876.7366   48   17 10867.0676 11240.9650  3.44%   737 19733s
  1411   779 11093.3140   15   43 10867.0676 11223.6078  3.28%   751 19784s
  1428   798 11157.1101   15   48 10867.0676 11223.6078  3.28%   759 19833s
  1452   806 11116.4731   19   42 10867.0676 11223.6078  3.28%   767 19897s
  1470   825 11080.7487   21   43 10867.0676 11223.6078  3.28%   782 19954s
  1499   833 11053.6776   24   44 10867.0676 11223.6078  3.28%   791 20023s
  1525   845 10942.8831   24   38 10867.0676 11223.6078  3.28%   802 20087s
  1546   860 10917.5236   26   41 10867.0676 11223.6078  3.28%   813 20164s
  1568   875 10942.9553   30   36 10867.0676 11223.6078  3.28%   827 20247s
  1592   883 10938.1556   36   34 10867.0676 11223.6078  3.28%   840 20335s
  1615   892 10909.9314   42   26 10867.0676 11223.6078  3.28%   856 20419s
  1642   904 10889.6136   45   22 10867.0676 11223.6078  3.28%   866 20514s
  1674   908 10874.1113   54   11 10867.0676 11208.6536  3.14%   877 20604s
  1707   926 10979.1462   20   37 10867.0676 11206.6453  3.12%   890 20684s
  1736   940 11009.5104   22   38 10867.0676 11206.6453  3.12%   900 20772s
  1760   957 10968.7804   26   33 10867.0676 11206.6453  3.12%   917 20889s
  1789   970 10930.0204   29   33 10867.0676 11206.6453  3.12%   936 21004s
  1827   988     cutoff   29      10867.0676 11203.1696  3.09%   948 21115s
  1859   999 11086.3591   20   45 10867.0676 11203.1696  3.09%   959 21240s
  1901  1026 10980.3161   23   39 10867.0676 11203.1696  3.09%   970 21345s
  1942  1042 10970.6107   29   41 10867.0676 11203.1696  3.09%   980 21461s
  1972  1054 10955.3447   32   39 10867.0676 11203.1696  3.09%   988 21755s
  2002  1072     cutoff   38      10867.0676 11189.7036  2.97%  1014 21924s
  2044  1101 11096.0434   18   46 10867.0676 11189.7036  2.97%  1029 22071s
  2095  1134 10992.0859   26   44 10867.0676 11189.7036  2.97%  1038 22229s
  2153  1146 10945.9159   28   38 10867.0676 11189.7036  2.97%  1048 22378s
  2200  1159 10897.4967   33   35 10867.0676 11179.0164  2.87%  1063 22563s
  2251  1191 11109.1895   20   39 10867.0676 11179.0164  2.87%  1077 22718s
  2309  1214 11025.0398   26   33 10867.0676 11179.0164  2.87%  1087 22866s
  2363  1250 10915.7762   36   27 10867.0676 11169.8660  2.79%  1100 23021s
  2433  1291 11013.0321   20   42 10867.0676 11169.8660  2.79%  1108 23206s
* 2525  1200              67    10872.120598 11169.8660  2.74%  1109 23206s
  2531  1227 10896.5762   29   41 10872.1206 11166.5868  2.71%  1111 23380s
  2592  1229 10972.8649   25   39 10872.1206 11164.3214  2.69%  1118 23793s
  2664  1238 11024.1807   24   31 10872.1206 11159.1296  2.64%  1146 23976s
  2731  1240 11058.9913   19   42 10872.1206 11158.2179  2.63%  1158 24208s
  2796  1254 11093.9218   24   32 10872.1206 11152.9344  2.58%  1173 24646s
  2869  1274 11074.8520   22   38 10872.1206 11152.1558  2.58%  1188 25136s
  2954  1323 11021.4574   22   36 10872.1206 11149.1801  2.55%  1200 25361s
  3042  1366 10872.3743   33   33 10872.1206 11145.0432  2.51%  1209 25611s
  3137  1427 10931.3572   29   37 10872.1206 11135.0906  2.42%  1219 25895s
  3249  1478 10950.0153   28   36 10872.1206 11132.1519  2.39%  1224 26147s
  3343  1522 11050.1415   23   42 10872.1206 11125.3210  2.33%  1229 26412s
  3441  1562 10961.1705   25   39 10872.1206 11121.9054  2.30%  1241 26686s
  3553  1591     cutoff   36      10872.1206 11121.1264  2.29%  1251 27018s
  3640  1631 10969.6382   23   37 10872.1206 11118.5453  2.27%  1268 27724s
  3704  1679 10976.1679   25   40 10872.1206 11116.7376  2.25%  1315 28171s
  3796  1743 10952.7943   27   28 10872.1206 11115.4475  2.24%  1323 28495s
  3928  1812 10999.9693   24   34 10872.1206 11112.5062  2.21%  1328 28970s
  4066  1862 11020.7425   25   33 10872.1206 11110.7381  2.19%  1351 29364s
  4186  1888 10877.9643   30   41 10872.1206 11108.2980  2.17%  1360 29746s
  4305  1966     cutoff   38      10872.1206 11106.8879  2.16%  1377 30155s
  4464  2038 10898.2947   31   37 10872.1206 11103.6234  2.13%  1381 30633s
  4611  2099     cutoff   38      10872.1206 11101.1845  2.11%  1384 31086s
  4776  2136     cutoff   27      10872.1206 11097.7008  2.07%  1392 31677s
  4917  2181 10903.1508   24   40 10872.1206 11096.5368  2.06%  1403 32193s
  5035  2223     cutoff   34      10872.1206 11095.5474  2.06%  1419 33236s
  5137  2306 10932.2475   31   36 10872.1206 11094.7912  2.05%  1458 33812s
  5301  2393 10908.4712   29   36 10872.1206 11091.2779  2.02%  1476 34351s
  5494  2437 10946.1970   23   38 10872.1206 11088.0293  1.99%  1481 35289s
  5648  2545     cutoff   26      10872.1206 11086.6516  1.97%  1513 36094s
  5862  2601     cutoff   38      10872.1206 11082.9515  1.94%  1517 37018s
  6098  2649 10969.7159   28   31 10872.1206 11081.0310  1.92%  1521 37634s
  6251  2673     cutoff   28      10872.1206 11080.0809  1.91%  1532 38691s
  6411  2764     cutoff   28      10872.1206 11079.2924  1.91%  1560 39414s
  6662  2844 11002.6072   24   29 10872.1206 11076.3175  1.88%  1564 40149s
  6895  2918 10935.0424   29   34 10872.1206 11074.3707  1.86%  1573 40986s
  7178  2999 10878.2705   27   33 10872.1206 11072.9512  1.85%  1577 41797s
  7476  3085 10930.1817   28   34 10872.1206 11071.2909  1.83%  1577 42676s
  7708  3140 10918.3787   22   37 10872.1206 11068.9069  1.81%  1588 43760s
  7949  3233 11020.5439   22   35 10872.1206 11066.8497  1.79%  1618 44692s
  8201  3325 10939.8350   21   36 10872.1206 11065.6792  1.78%  1629 45700s
  8507  3439     cutoff   32      10872.1206 11063.3155  1.76%  1638 46704s
  8804  3527 10931.5195   35   27 10872.1206 11061.4250  1.74%  1643 47895s
  9065  3617 10923.2499   31   36 10872.1206 11059.1695  1.72%  1670 49172s
  9408  3688 10880.2669   22   36 10872.1206 11055.5706  1.69%  1676 50318s
  9765  3767 10946.8470   26   42 10872.1206 11053.2797  1.67%  1682 51488s
 10083  3910 10920.9060   26   40 10872.1206 11051.1222  1.65%  1691 52651s
 10518  4000 10959.2282   23   36 10872.1206 11048.8669  1.63%  1690 53928s
 10943  4129     cutoff   28      10872.1206 11046.4287  1.60%  1696 55140s
 11375  4249 10883.2373   30   32 10872.1206 11044.0059  1.58%  1696 56488s
 11773  4333 10935.2220   29   27 10872.1206 11042.8948  1.57%  1710 57708s
 12197  4372 10906.6395   29   31 10872.1206 11040.2876  1.55%  1706 59100s
 12571  4455     cutoff   26      10872.1206 11039.4567  1.54%  1716 60423s
 12977  4513 10916.7358   19   39 10872.1206 11037.6231  1.52%  1716 61822s
 13284  4623     cutoff   34      10872.1206 11035.8445  1.51%  1732 63085s
 13745  4731     cutoff   25      10872.1206 11033.2445  1.48%  1732 64406s
 14193  4819 10895.4379   26   28 10872.1206 11031.0533  1.46%  1741 65734s
 14568  4893 10881.2097   25   32 10872.1206 11030.2027  1.45%  1739 67108s
 14907  4954     cutoff   32      10872.1206 11028.3325  1.44%  1751 68506s
 15263  5006     cutoff   29      10872.1206 11026.1017  1.42%  1755 69913s
 15663  5100 10940.5314   25   30 10872.1206 11023.8548  1.40%  1765 71427s
 16176  5172 10923.5142   29   33 10872.1206 11021.7108  1.38%  1766 72984s
 16488  5251 10891.8717   25   32 10872.1206 11020.2223  1.36%  1780 74255s
 16903  5308 10894.2900   28   32 10872.1206 11018.0956  1.34%  1780 75549s
 17341  5375 10873.3393   27   31 10872.1206 11016.4522  1.33%  1781 76963s
 17745  5409     cutoff   26      10872.1206 11015.1153  1.32%  1788 78375s
 18100  5452 10876.1338   26   33 10872.1206 11014.0889  1.31%  1795 79844s
 18482  5517     cutoff   34      10872.1206 11011.9804  1.29%  1797 81346s
 18872  5565 10938.7598   24   32 10872.1206 11011.2162  1.28%  1798 82697s
 19232  5635     cutoff   36      10872.1206 11009.7964  1.27%  1800 84125s
 19680  5698     cutoff   32      10872.1206 11007.5839  1.25%  1804 85717s
 20134  5776     cutoff   31      10872.1206 11005.5937  1.23%  1806 87153s
 20630  5822     cutoff   35      10872.1206 11003.5410  1.21%  1805 88694s
 21106  5860 10876.7340   45   14 10872.1206 11001.5072  1.19%  1806 96583s
 21521  5902 10884.9153   34   27 10872.1206 10999.8663  1.17%  1810 98120s
 21960  5928 10923.4476   26   33 10872.1206 10998.5243  1.16%  1818 99567s
 22415  5990 10876.4903   29   24 10872.1206 10996.5449  1.14%  1819 101089s
 22891  6051     cutoff   35      10872.1206 10995.2846  1.13%  1820 102730s
 23220  6073 10965.8129   26   38 10872.1206 10993.9003  1.12%  1828 104262s
 23672  6117 10909.0068   20   41 10872.1206 10992.3275  1.11%  1835 105926s
 24061  6168 10873.5790   27   31 10872.1206 10991.0730  1.09%  1848 107449s
 24544  6189     cutoff   28      10872.1206 10989.8230  1.08%  1847 108926s
 24937  6230 10885.8838   28   39 10872.1206 10988.1606  1.07%  1852 110431s
 25419  6253     cutoff   34      10872.1206 10986.9802  1.06%  1854 112008s
 25838  6298 10898.9413   24   34 10872.1206 10985.4992  1.04%  1860 113499s
 26301  6327     cutoff   35      10872.1206 10984.6400  1.03%  1859 115048s
 26721  6375 10881.7478   25   37 10872.1206 10983.4211  1.02%  1863 116495s
 27248  6405 10956.8228   21   35 10872.1206 10981.7894  1.01%  1862 117934s
 27644  6434 10876.4131   32   28 10872.1206 10980.6825  1.00%  1864 119420s
 28136  6430     cutoff   32      10872.1206 10979.5550  0.99%  1864 120991s
 28548  6448     cutoff   35      10872.1206 10979.0189  0.98%  1869 122501s
 28939  6461 10875.7304   26   28 10872.1206 10977.2651  0.97%  1876 124008s
 29382  6459 10926.8497   29   28 10872.1206 10976.0220  0.96%  1876 125728s
 29807  6485 10915.8632   28   30 10872.1206 10974.8522  0.94%  1883 127273s
 30233  6494     cutoff   30      10872.1206 10973.4900  0.93%  1888 128734s
 30730  6518 10921.3791   26   28 10872.1206 10972.2983  0.92%  1886 130268s
 31204  6542 10931.8622   30   28 10872.1206 10971.3345  0.91%  1888 132125s
 31691  6560 10885.3546   33   26 10872.1206 10970.4150  0.90%  1895 133665s
 32116  6574 10901.2821   33   30 10872.1206 10969.4639  0.90%  1898 135089s
 32573  6576 10907.6361   32   33 10872.1206 10968.0387  0.88%  1898 136733s
 33016  6566     cutoff   34      10872.1206 10966.7476  0.87%  1901 138321s
 33449  6527 10909.6152   27   36 10872.1206 10965.7642  0.86%  1903 139918s
 33950  6523 10903.5364   28   34 10872.1206 10964.7042  0.85%  1903 141422s
 34392  6515     cutoff   25      10872.1206 10963.5672  0.84%  1905 143009s
 34890  6503 10895.5277   22   31 10872.1206 10962.1357  0.83%  1905 144565s
 35436  6478 10892.4426   24   34 10872.1206 10961.2414  0.82%  1903 146091s
 35877  6450 10873.5984   31   30 10872.1206 10960.0915  0.81%  1907 147605s
 36353  6460 10902.6931   29   34 10872.1206 10958.9738  0.80%  1907 149392s
 36879  6429 10917.4993   26   30 10872.1206 10957.8017  0.79%  1908 150898s
 37345  6411     cutoff   30      10872.1206 10956.7244  0.78%  1910 152446s
 37842  6369     cutoff   41      10872.1206 10955.9136  0.77%  1911 154117s
 38280  6339 10913.1412   27   33 10872.1206 10954.7492  0.76%  1913 156100s
 38728  6299     cutoff   28      10872.1206 10953.8709  0.75%  1916 157742s
 39183  6255     cutoff   31      10872.1206 10953.0237  0.74%  1918 159176s
 39633  6189     cutoff   29      10872.1206 10951.9973  0.73%  1920 160652s
 40135  6163 10916.8162   20   36 10872.1206 10950.5087  0.72%  1919 162389s
 40639  6124     cutoff   52      10872.1206 10949.8563  0.72%  1922 164016s
 41059  6062 10894.4876   27   34 10872.1206 10949.2634  0.71%  1924 165573s
 41547  6011     cutoff   32      10872.1206 10948.2140  0.70%  1925 167053s
 41971  5954 10872.8311   33   27 10872.1206 10947.1720  0.69%  1926 168580s
 42452  5907 10892.2649   31   35 10872.1206 10946.1860  0.68%  1926 170614s
 42973  5848     cutoff   45      10872.1206 10945.2869  0.67%  1929 172236s
 43403  5801     cutoff   38      10872.1206 10944.6799  0.67%  1932 174096s
 43865  5740 10905.6405   29   25 10872.1206 10943.7659  0.66%  1937 175793s
 44349  5678     cutoff   31      10872.1206 10942.9553  0.65%  1936 177663s
 44870  5634     cutoff   33      10872.1206 10941.7060  0.64%  1936 179338s
*44900  5422              62    10876.134303 10941.7060  0.60%  1935 179338s
 45484  5376 10877.5726   28   25 10876.1343 10940.7389  0.59%  1932 181072s
 45834  5265 10877.9624   30   23 10876.1343 10940.1437  0.59%  1930 182692s
 46371  5164     cutoff   37      10876.1343 10938.9415  0.58%  1930 184382s
 46864  5044     cutoff   29      10876.1343 10937.6578  0.57%  1932 186173s
 47376  4937 10886.0015   31   29 10876.1343 10936.7478  0.56%  1934 187753s
 47891  4830     cutoff   40      10876.1343 10935.4571  0.55%  1933 189880s
 48374  4718     cutoff   29      10876.1343 10934.7623  0.54%  1938 191597s
 48817  4597     cutoff   32      10876.1343 10933.6019  0.53%  1942 193206s
 49321  4483     cutoff   29      10876.1343 10932.0984  0.51%  1941 194844s
 49840  4350     cutoff   24      10876.1343 10930.5251  0.50%  1942 196688s
 50400  4247 10879.5594   30   27 10876.1343 10929.5522  0.49%  1943 198345s
 50803  4105     cutoff   34      10876.1343 10928.7158  0.48%  1946 200255s
 51305  3948     cutoff   25      10876.1343 10927.2350  0.47%  1949 202064s
 51800  3805 10882.8159   24   34 10876.1343 10925.7593  0.46%  1949 203763s
 52299  3663 10879.7979   34   23 10876.1343 10924.3926  0.44%  1950 205524s
 52810  3518     cutoff   28      10876.1343 10923.2030  0.43%  1952 207325s
 53247  3340     cutoff   28      10876.1343 10922.3737  0.43%  1955 209009s
 53749  3189     cutoff   30      10876.1343 10920.6949  0.41%  1956 211010s
*54077  3021              64    10878.655954 10919.7109  0.38%  1959 211010s
 54171  2863     cutoff   30      10878.6560 10919.6850  0.38%  1962 212491s
 54479  2647 10902.8752   30   25 10878.6560 10918.6372  0.37%  1963 214137s
 54912  2465     cutoff   25      10878.6560 10915.6448  0.34%  1964 216004s
 55296  2246     cutoff   34      10878.6560 10914.1773  0.33%  1967 217648s
 55655  1992     cutoff   28      10878.6560 10911.8676  0.31%  1971 219152s
 56093  1776     cutoff   27      10878.6560 10908.5411  0.27%  1972 220807s
 56438  1499     cutoff   31      10878.6560 10907.0624  0.26%  1976 222232s
 56910  1223     cutoff   27      10878.6560 10902.0971  0.22%  1976 223768s
 57348   878     cutoff   30      10878.6560 10897.7347  0.18%  1978 225161s
 57841   492     cutoff   32      10878.6560 10891.0217  0.11%  1977 226677s
 58265    62     cutoff   28      10878.6560 10885.3740  0.06%  1980 228206s
 58698     0     cutoff   27      10878.6560 10879.7618  0.01%  1980 228401s

Cutting planes:
  Gomory: 1
  Implied bound: 200
  MIR: 64
  Flow cover: 970
  Inf proof: 1
  RLT: 2769
  Relax-and-lift: 214

Explored 58760 nodes (119781721 simplex iterations) in 228402.10 seconds (481872.80 work units)
Thread count was 8 (of 8 available processors)

Solution count 10: 10878.7 10876.1 10872.1 ... 7734.04

Optimal solution found (tolerance 1.00e-04)
Best objective 1.087865595373e+04, best bound 1.087865595373e+04, gap 0.0000%
1 177.8002097334587 360 under capacity 177.8002097334587
3 208.83629006179478 173 over capacity 173
4 197.6814426188412 203 under capacity 197.6814426188412
5 209.84533100873588 205 over capacity 205
6 224.16709318032886 168 over capacity 168
11 1678.7913555168784 178 over capacity 178
12 202.47730274094556 182 over capacity 182
13 208.56906390843193 109 over capacity 109
14 212.32923637343242 215 under capacity 212.32923637343242
16 207.75148304436541 107 over capacity 107
17 377.6866493311506 205 over capacity 205
18 183.6807599927279 206 under capacity 183.6807599927279
19 403.4612416779285 238 over capacity 238
20 207.09670242814812 163 over capacity 163
21 195.37153688892502 70 over capacity 70
23 185.25213063504444 157 over capacity 157
44 170.7645637085125 165 over capacity 165
45 343.79242170533877 104 over capacity 104
46 317.72186242588356 120 over capacity 120
47 90.84104949932559 135 under capacity 90.84104949932559
54 381.75800772792513 101 over capacity 101
56 378.01520980729583 144 over capacity 144
58 279.59912964882204 131 over capacity 131
61 269.689011613338 175 over capacity 175
62 250.1068701965491 216 over capacity 216
63 107.46216921941063 116 under capacity 107.46216921941063
69 655.408875388946 568 over capacity 568
71 355.9830296533506 107 over capacity 107
84 96.71556665086545 141 under capacity 96.71556665086545
87 574.6653911093517 140 over capacity 140
89 265.79393306929586 204 over capacity 204
90 935.9959600800993 244 over capacity 244
95 185.17718327687604 179 over capacity 179
97 575.4392724902527 497 over capacity 497
98 305.2405732476476 290 over capacity 290
99 431.65460608722105 138 over capacity 138
100 164.39726002817608 246 under capacity 164.39726002817608
101 687.18352737546 162 over capacity 162
106 163.04948213978324 150 over capacity 150
107 160.8517168389387 205 under capacity 160.8517168389387
113 72.83881386422925 136 under capacity 72.83881386422925
114 74.66007301428178 131 under capacity 74.66007301428178
117 277.3219664299047 154 over capacity 154
119 373.09510966526335 338 over capacity 338
120 337.3056924200835 344 under capacity 337.3056924200835
132 168.3890616485879 170 under capacity 168.3890616485879
136 1481.4621905078407 217 over capacity 217
138 541.4855109918401 406 over capacity 406
140 628.8111687706781 185 over capacity 185
141 199.9275046476425 328 under capacity 199.9275046476425
143 264.16349162660146 190 over capacity 190
145 117.77648758661348 282 under capacity 117.77648758661348
150 508.510406286562 92 over capacity 92
151 267.18051487215706 127 over capacity 127
152 227.23408681258283 225 over capacity 225
156 358.0409263965396 202 over capacity 202
157 361.71019039161473 101 over capacity 101
158 374.4008675944246 161 over capacity 161
160 245.35227025546308 318 under capacity 245.35227025546308
167 82.52415874381494 133 under capacity 82.52415874381494
ILP OPT Val= 10878.65595373394
accurate= 10878.533473135894
underCapacity= 17
overCapacity= 43